0.393440 
2.338500 
0.102550 
1.532850 
2.298830 
0.575820 
7.574060 
0.689550 
0.000000 
0.293710 
0.305340 
8.558550 
5.081440 
0.096850 
0.086280 
0.394070 
2.367000 
0.723090 
0.845320 
3.236560 
1.227910 
1.348600 
0.235980 
0.142340 
0.017200 
1.790660 
1.271170 
1.472720 
0.611810 
0.267000 
0.024530 
0.062120 
2.824010 
1.244580 
0.286230 
3.192940 
3.816960 
1.983320 
2.408350 
0.000000 
1.921760 
0.185050 
0.236150 
1.385710 
0.005060 
0.391030 
3.040710 
2.257100 
0.558800 
0.012530 
0.471850 
0.006490 
0.921180 
0.121020 
1.330290 
0.048570 
0.289940 
1.081760 
1.431270 
2.000780 
1.883090 
0.368490 
0.125990 
3.205170 
2.022230 
2.091830 
1.207970 
0.075660 
1.778400 
0.408550 
3.545170 
0.028770 
0.061410 
0.607940 
0.137850 
1.850120 
1.282510 
0.999250 
0.019710 
3.146170 
3.247590 
0.486650 
0.348110 
0.911570 
1.400420 
0.045580 
3.567780 
0.145290 
2.091760 
0.817760 
1.874610 
3.169730 
0.636060 
0.006930 
0.602270 
3.473760 
3.396770 
2.375580 
3.843540 
1.391100 
