3.041680 
1.777810 
3.391950 
0.309870 
0.903960 
4.358000 
1.601010 
0.617030 
5.210640 
0.255490 
2.060470 
0.878430 
4.901570 
9.905650 
2.528300 
0.060390 
13.037350 
3.796560 
3.786540 
3.075910 
1.952490 
2.211990 
5.729010 
2.650750 
2.466700 
1.839960 
2.551430 
2.554920 
1.495000 
0.358360 
3.309660 
9.106580 
2.728040 
3.868790 
6.422910 
1.120680 
2.576530 
0.087130 
3.775430 
1.426000 
0.005230 
3.708790 
5.539490 
0.211830 
4.329330 
11.481210 
11.110540 
0.967040 
2.252920 
1.151460 
2.415670 
3.386780 
0.539000 
7.198280 
5.887150 
3.412330 
3.792660 
6.373780 
3.755990 
1.543070 
5.329470 
4.893420 
3.469050 
3.484930 
0.138510 
2.370280 
0.321690 
1.152500 
0.497310 
1.686270 
0.540890 
0.181700 
3.766920 
0.000000 
0.105290 
0.920870 
10.386680 
1.096700 
1.681550 
2.683130 
3.551410 
2.106720 
0.077830 
0.605080 
1.153680 
0.918980 
3.052120 
1.944940 
9.297640 
2.929510 
0.021550 
2.212050 
0.249340 
0.011730 
1.210800 
0.007090 
7.779880 
3.023870 
1.177330 
1.244280 
