4.433510 
1.225740 
2.157540 
4.730510 
1.158280 
2.910230 
0.436550 
2.190570 
3.902920 
3.620650 
1.241060 
16.334530 
0.297970 
0.313960 
3.574510 
3.700830 
2.391510 
2.195870 
0.777250 
0.042130 
0.001190 
2.873530 
2.117050 
8.124280 
1.605570 
1.149250 
4.068140 
0.801850 
2.544810 
0.031460 
1.554260 
4.184000 
5.440270 
0.068260 
0.306280 
2.672330 
6.946580 
5.012000 
0.391750 
1.726980 
1.153400 
1.246730 
2.079240 
1.715350 
3.028830 
0.275460 
4.200220 
0.603670 
0.316230 
0.135990 
2.948960 
7.732410 
2.015900 
7.247760 
1.524950 
7.708120 
3.302000 
0.893940 
2.262350 
0.564680 
3.451070 
1.691560 
1.214550 
5.924470 
0.238670 
2.651060 
0.584320 
0.583110 
2.197270 
8.819340 
1.693600 
1.189780 
4.158080 
8.405660 
0.598680 
2.481200 
2.121600 
2.258710 
1.769450 
4.140320 
2.883750 
2.764760 
0.054130 
5.248340 
4.436360 
7.117040 
5.509900 
6.084480 
10.545970 
4.349760 
3.264650 
0.441730 
3.328180 
1.695670 
2.498360 
0.488870 
1.464240 
0.614710 
2.973140 
1.900750 
