0.084720 
2.015580 
6.512840 
0.003720 
6.598220 
0.885060 
11.032210 
0.576090 
7.991030 
6.961640 
0.249120 
2.265060 
0.467100 
7.411810 
8.628560 
4.753840 
0.798090 
2.245380 
4.944240 
1.815460 
0.587500 
9.914740 
3.814100 
0.000000 
2.791310 
1.659120 
1.249770 
0.371930 
3.237190 
1.745450 
0.914830 
4.211260 
1.606190 
8.917370 
2.134310 
1.711130 
2.511590 
1.849540 
4.893140 
0.708510 
3.691040 
11.045400 
5.229870 
0.110480 
3.264720 
0.915500 
4.881150 
0.058260 
2.433030 
0.019000 
3.131290 
2.179340 
9.686450 
1.974320 
0.348030 
5.704110 
7.409900 
3.590290 
5.224470 
3.039240 
5.950100 
2.754210 
5.241110 
11.735710 
4.242260 
0.253600 
1.580180 
1.488410 
5.926010 
0.796220 
3.261290 
2.149750 
3.739850 
8.278870 
3.533200 
3.431820 
3.427270 
1.869170 
0.147860 
3.850130 
0.042220 
1.760160 
0.012850 
1.909590 
6.483020 
6.030760 
0.102910 
2.423980 
8.929670 
2.204130 
0.265620 
0.164030 
20.471270 
2.344050 
3.710060 
2.627430 
2.877340 
3.912960 
3.549340 
1.334550 
