3.765100 
1.135370 
1.516380 
3.299610 
2.997350 
8.576330 
1.704290 
7.114370 
2.928980 
4.613850 
11.274850 
6.034800 
0.648370 
0.820460 
1.052690 
0.204920 
2.300230 
9.427350 
10.229290 
1.264790 
4.549300 
4.005720 
12.886260 
2.803780 
8.708680 
0.640200 
5.835550 
1.592430 
3.042400 
3.627640 
3.028720 
10.111930 
5.871310 
3.301830 
36.678980 
6.259430 
11.215580 
2.461230 
6.659550 
0.017860 
0.978670 
10.530500 
1.516960 
2.996100 
8.568740 
10.733680 
3.982540 
8.813790 
0.807370 
10.141280 
0.314500 
0.742130 
1.380270 
3.219390 
3.711410 
6.127720 
15.129520 
2.065760 
4.325280 
6.591960 
19.782230 
2.629110 
1.603650 
3.348360 
15.277520 
2.324090 
7.158050 
0.319620 
4.843130 
10.417080 
2.288530 
2.238530 
0.612160 
0.115730 
4.608300 
0.146520 
6.241600 
3.259530 
14.271110 
1.286170 
6.471130 
0.674520 
0.594460 
0.643550 
2.340820 
1.866490 
16.437440 
11.784400 
3.012100 
2.681350 
4.400100 
6.691050 
3.786620 
0.188740 
9.561750 
8.472130 
0.406080 
9.536130 
14.172630 
0.816940 
