16.926150 
12.475380 
20.103410 
7.836950 
12.219110 
11.978090 
14.631730 
4.344340 
0.454430 
11.982030 
0.191060 
5.525510 
2.741990 
7.969240 
0.302940 
12.646930 
3.280830 
5.080670 
0.038310 
12.239790 
0.043170 
8.412890 
4.285650 
3.557030 
10.493240 
14.113780 
0.165060 
3.429390 
1.182750 
9.617790 
5.839770 
3.764370 
2.956180 
0.691110 
21.685350 
5.752850 
18.172120 
2.170500 
0.701070 
6.339250 
0.747750 
1.458440 
3.269700 
0.033900 
14.057820 
2.167680 
1.779920 
10.846780 
4.787980 
6.907420 
2.625060 
3.682820 
2.251070 
2.335820 
3.785170 
18.357860 
7.612640 
3.022270 
1.442190 
3.972510 
3.120220 
32.704890 
4.386440 
1.677970 
5.078380 
9.299840 
5.898830 
11.552670 
2.042990 
0.000810 
12.135940 
12.903530 
0.573640 
0.610820 
7.011470 
0.277800 
3.913770 
10.917140 
2.208360 
42.543410 
2.989440 
7.257130 
5.290470 
0.121680 
1.263100 
14.992880 
6.625390 
4.541770 
6.294490 
9.851900 
4.379660 
11.321560 
1.131820 
1.189490 
3.897280 
7.567480 
0.409340 
8.446990 
2.414310 
10.206980 
