6.306750 
7.239640 
21.788870 
2.504030 
2.484920 
4.807050 
14.608490 
6.872960 
7.166410 
5.043590 
1.514430 
0.270710 
10.789300 
29.255980 
29.383260 
16.806490 
8.931320 
8.308780 
22.446920 
18.588890 
1.979430 
8.541200 
2.036190 
7.953740 
13.869550 
1.211210 
13.788950 
3.998570 
1.785140 
18.845020 
17.213670 
14.329540 
11.294930 
4.847110 
0.196020 
20.125210 
2.387970 
15.137690 
20.562210 
4.972980 
1.205480 
0.539060 
1.828600 
7.284140 
0.336270 
5.092190 
1.103290 
6.127830 
38.019030 
4.309640 
10.819340 
0.506870 
19.327150 
7.597740 
0.354980 
0.606760 
6.994720 
23.555530 
17.817130 
1.859380 
8.074970 
2.136270 
5.195110 
6.612540 
6.555940 
7.554650 
4.713120 
4.551920 
20.820950 
2.544350 
3.872140 
2.746380 
3.057630 
16.979030 
2.388370 
2.404120 
12.678260 
0.789520 
0.279640 
4.716660 
17.037550 
24.012460 
8.467240 
8.098290 
24.313520 
2.099180 
0.907520 
1.225180 
4.261490 
1.727080 
2.605350 
14.354560 
7.995490 
6.878560 
5.441580 
18.489750 
0.177750 
10.111710 
3.441130 
4.829090 
