13.786720 
1.652190 
2.246230 
3.269900 
2.817510 
27.336960 
0.540190 
3.960250 
11.654220 
21.781240 
3.468430 
7.835380 
11.222040 
0.410210 
4.656020 
11.975720 
14.594160 
12.455610 
18.642330 
30.750930 
4.229010 
46.469020 
3.616480 
1.049240 
2.270830 
3.509690 
14.704620 
30.573120 
1.548660 
22.979670 
6.431980 
9.602750 
5.404590 
8.782270 
1.722900 
13.441510 
1.721170 
0.453170 
16.066690 
3.095290 
4.005870 
7.491750 
2.433910 
60.585060 
0.184010 
6.123460 
13.250050 
17.841930 
1.771760 
5.291960 
15.097360 
4.737060 
9.670730 
25.348170 
8.494700 
7.925570 
26.401790 
1.366190 
1.496340 
3.201590 
15.248710 
27.469970 
0.491550 
2.590910 
11.343840 
5.627740 
1.364240 
14.209280 
27.577170 
2.288110 
16.925610 
9.471950 
2.061550 
4.652910 
1.314590 
19.177670 
25.962740 
0.426690 
0.180130 
15.717940 
9.221610 
34.987930 
3.879670 
0.146450 
3.461590 
4.287930 
29.212330 
26.361030 
6.522230 
15.782200 
6.182150 
23.998260 
42.693080 
1.408120 
1.118350 
25.554020 
2.251630 
0.032060 
0.319480 
8.449180 
