30.979500 
9.104420 
3.601940 
9.844790 
38.897070 
4.148220 
20.785920 
14.105080 
52.517260 
37.145900 
21.163740 
21.210070 
5.942650 
0.124590 
20.809420 
10.767950 
7.479860 
16.644830 
9.548540 
2.630450 
9.106450 
1.385610 
2.177700 
16.861950 
8.445860 
9.701760 
25.149620 
18.035830 
8.790330 
6.586860 
16.854830 
19.811900 
7.517690 
79.437150 
38.122590 
11.573840 
20.864830 
10.318750 
11.616540 
4.572850 
6.530860 
1.543620 
2.586920 
22.519920 
3.004540 
6.207110 
2.564590 
3.268060 
10.823020 
7.185990 
20.730600 
14.169440 
4.284820 
9.768360 
19.123390 
4.424180 
27.381790 
0.917880 
7.825030 
56.297700 
29.184380 
50.397280 
26.416090 
12.869460 
11.052520 
18.125220 
2.442600 
36.635340 
11.718300 
0.632200 
3.564900 
18.570200 
28.875580 
19.484480 
4.786280 
50.009590 
6.862810 
29.857910 
7.589350 
15.292610 
8.251260 
23.134760 
12.609410 
11.558560 
14.663970 
2.910880 
40.654300 
5.312260 
14.521300 
2.677920 
13.972550 
2.070760 
19.365770 
21.859840 
4.202960 
7.373440 
0.156730 
2.474560 
29.382520 
21.583730 
