0.000000 
0.000000 
0.023150 
0.000000 
0.000000 
0.000690 
0.243690 
0.031040 
0.215480 
0.001600 
0.000000 
0.042650 
0.019200 
0.159280 
0.000000 
0.436900 
0.033030 
0.089670 
0.508910 
0.025320 
0.076290 
0.054610 
0.000000 
0.025550 
0.321750 
0.000000 
0.113670 
0.000000 
0.603420 
0.000000 
0.000000 
0.138340 
0.212410 
0.046650 
0.000000 
0.031690 
0.000000 
0.329980 
0.169070 
0.000000 
0.011220 
0.160080 
0.327330 
0.379620 
0.000000 
0.119520 
0.041610 
0.000000 
0.000000 
0.155710 
0.000000 
0.000000 
0.000000 
0.010560 
0.000000 
0.051200 
0.000000 
0.000000 
0.000000 
0.000000 
0.065940 
0.000000 
0.000000 
0.042510 
0.093040 
0.247770 
0.000000 
0.000000 
0.139550 
0.142810 
0.000000 
0.085580 
0.179630 
0.407330 
0.170320 
0.147740 
0.015290 
0.093070 
0.180630 
0.164980 
0.000000 
0.000000 
0.000000 
0.000000 
0.071750 
0.520320 
0.002070 
0.000000 
0.000000 
0.132920 
0.365620 
0.018880 
0.215920 
0.006760 
0.547340 
0.011020 
0.000000 
0.349370 
0.000000 
0.000000 
