0.363580 
0.699370 
0.102240 
0.010980 
0.000000 
0.011040 
0.021010 
0.000000 
0.011520 
0.071870 
0.053690 
0.000000 
0.126750 
0.189830 
0.171260 
0.392670 
0.016440 
0.077510 
0.000000 
0.008450 
0.184390 
0.016590 
0.000000 
0.000000 
0.210220 
0.029710 
0.000000 
0.143010 
0.292490 
0.007310 
0.028270 
1.283230 
0.149100 
0.016560 
0.867480 
0.271700 
0.000000 
0.021220 
0.044500 
0.818420 
0.021040 
0.000000 
0.469360 
1.183440 
0.000520 
0.437550 
0.126660 
0.000570 
0.131860 
0.186510 
0.091350 
0.013100 
0.198880 
0.072190 
0.000000 
0.393990 
0.000000 
1.176950 
0.448380 
0.123890 
0.024080 
0.593500 
0.000000 
0.056110 
0.000000 
0.000000 
0.531360 
0.420010 
0.200300 
0.548400 
0.131710 
0.000000 
0.000000 
0.000000 
0.014100 
0.000000 
0.001920 
0.113470 
0.384780 
0.356120 
0.313260 
0.314050 
0.000000 
0.387610 
0.036780 
0.273260 
0.000070 
0.715420 
0.135760 
0.182850 
0.420930 
0.000000 
0.244690 
0.000000 
0.000000 
0.563410 
0.010730 
0.000000 
0.000000 
1.077600 
