0.608040 
0.143310 
1.088550 
0.569190 
0.603630 
1.013260 
0.777610 
0.000150 
0.004050 
0.000170 
0.177720 
0.039320 
0.323130 
0.030430 
0.056890 
0.033190 
0.025160 
0.957380 
0.000000 
0.000000 
0.000870 
0.051060 
0.586940 
0.000000 
0.000000 
0.131150 
0.000000 
0.136460 
0.608910 
0.345020 
0.000000 
0.081610 
0.370540 
0.376530 
0.000000 
0.000000 
0.003170 
0.056440 
0.115280 
0.586240 
0.287690 
0.000000 
0.482470 
0.014390 
0.281400 
0.148190 
1.845870 
0.043200 
0.915420 
0.049940 
0.000000 
0.217870 
0.545070 
0.074680 
0.066080 
0.000000 
0.027750 
0.053680 
0.152040 
0.675910 
0.094350 
0.202670 
0.153150 
0.000000 
0.130600 
0.004550 
0.238870 
0.342600 
0.000000 
0.418450 
0.054880 
0.006580 
0.004390 
0.728480 
1.242150 
0.000000 
0.000000 
0.253280 
0.101110 
0.392590 
0.010150 
0.026970 
0.005380 
1.531810 
0.981150 
0.117580 
0.000000 
0.138160 
0.000000 
0.012100 
0.286430 
0.962500 
0.000000 
0.020840 
0.056490 
0.691360 
0.000000 
0.593620 
0.682930 
0.000000 
