0.000000 
1.595770 
0.184130 
0.063680 
0.058910 
0.012110 
1.132210 
0.545950 
1.607610 
0.010920 
0.156910 
0.055960 
0.004530 
0.349230 
0.044810 
0.285420 
0.132160 
0.000000 
0.314230 
0.000000 
0.133820 
0.000000 
0.646340 
0.010670 
0.420370 
0.725510 
1.519120 
0.149620 
0.276800 
0.104940 
0.003370 
0.951080 
0.014320 
1.511940 
0.013220 
0.004740 
0.000950 
1.066020 
0.482150 
0.014300 
1.385480 
0.393460 
0.537550 
0.051090 
0.198860 
0.313610 
0.570310 
0.682690 
0.144720 
0.027920 
0.000000 
0.160160 
0.329030 
0.011370 
0.258720 
0.120040 
0.000000 
0.995220 
0.000490 
0.033210 
1.568560 
0.067900 
0.204380 
0.004040 
0.024880 
0.175860 
0.053440 
0.346530 
0.305490 
2.354670 
0.072760 
0.055240 
0.158880 
0.008710 
0.252460 
0.060290 
1.334030 
0.207270 
0.006240 
0.051000 
0.200790 
0.000000 
0.000000 
0.392150 
0.403550 
0.015500 
0.012800 
0.000000 
0.552230 
0.034690 
0.252090 
1.211560 
0.227830 
0.342640 
0.043350 
0.854690 
0.723500 
0.637440 
0.014930 
0.081420 
