1.233700 
0.983050 
0.157800 
3.464350 
1.059390 
0.166600 
0.862470 
0.008900 
0.016900 
0.862270 
0.125980 
1.629850 
1.375570 
0.000000 
0.144250 
0.110720 
1.004760 
0.043240 
0.011820 
0.338330 
1.104410 
0.280240 
1.257340 
0.154520 
0.141690 
0.018270 
0.077440 
0.563500 
0.000000 
0.221340 
0.462330 
0.005060 
0.146560 
0.058670 
0.985410 
0.341360 
0.000000 
0.593320 
0.385780 
0.508410 
0.000000 
1.982050 
0.312690 
0.293880 
0.333000 
0.260560 
0.000000 
0.000000 
0.415350 
0.466990 
2.006010 
0.179600 
1.193010 
0.016800 
1.271480 
0.751060 
0.284540 
0.283380 
1.033980 
0.224580 
0.052640 
0.043530 
0.048010 
0.000000 
0.000000 
0.735350 
0.863290 
0.069900 
0.348980 
0.208690 
1.781150 
0.435650 
1.538790 
0.152340 
0.000000 
1.214040 
0.277590 
0.314290 
1.087950 
0.000000 
0.000000 
0.430110 
0.636900 
0.783220 
0.351370 
0.978210 
0.547750 
0.008310 
1.371530 
0.142290 
0.906180 
0.013590 
2.514610 
0.629120 
0.001080 
1.756300 
0.359810 
0.000000 
0.818450 
2.379130 
