0.000000 
0.219680 
1.982110 
0.215930 
0.000000 
0.133040 
0.648250 
0.244860 
0.334070 
0.238450 
1.150460 
0.266450 
0.993130 
0.906410 
0.403550 
0.258710 
1.760380 
1.702860 
1.868040 
1.800670 
0.224970 
0.394720 
1.755030 
0.094190 
0.073280 
0.054160 
0.205910 
0.408360 
1.018480 
0.683080 
0.184990 
0.170360 
0.135880 
0.037520 
0.093520 
0.008420 
0.202710 
0.022030 
0.160040 
0.078660 
0.000450 
2.406860 
0.640300 
0.437950 
0.098680 
0.788080 
0.321220 
0.618660 
1.120900 
0.830320 
0.398000 
1.731370 
0.106620 
0.529890 
1.193180 
0.039810 
0.038340 
0.864440 
0.480250 
2.031770 
2.213330 
0.417090 
0.032590 
0.000000 
0.023880 
0.290030 
0.730440 
0.009320 
0.597040 
1.275260 
0.316560 
2.816220 
0.745150 
0.554570 
0.220480 
1.313750 
1.437180 
2.379650 
1.319910 
0.638340 
0.198450 
0.117810 
0.694500 
0.188560 
0.375730 
0.240160 
0.043290 
0.245830 
0.530850 
0.862410 
0.070240 
0.027380 
0.314740 
0.560110 
1.480890 
1.484790 
0.024470 
0.322650 
0.710500 
0.196080 
