0.000000 
0.007850 
0.000000 
0.097660 
0.646320 
0.121470 
2.176510 
1.246220 
0.415200 
0.085330 
3.378160 
0.084870 
0.253700 
0.002460 
0.000000 
0.865990 
0.182850 
0.850350 
0.094080 
3.791630 
0.796060 
1.200620 
0.000000 
0.004600 
0.628690 
0.457840 
3.144730 
2.558590 
0.291970 
0.573360 
0.250390 
1.111120 
0.047440 
0.338880 
0.493380 
0.554900 
0.915560 
0.000000 
4.236800 
1.460950 
0.089220 
0.000000 
0.373190 
2.817000 
0.077700 
0.697020 
0.212530 
0.057530 
0.283250 
2.454910 
0.270020 
0.043670 
0.083420 
0.023910 
1.590260 
1.847420 
1.263480 
0.122250 
1.260550 
0.056190 
1.996850 
2.571300 
1.110160 
0.000000 
1.062270 
1.832160 
3.225890 
1.970920 
1.468930 
0.671310 
0.322140 
0.000000 
1.960610 
0.914750 
0.105110 
0.026320 
1.890560 
0.137410 
0.372100 
0.149690 
0.224230 
1.126240 
0.225580 
1.884170 
0.607880 
0.167900 
1.005000 
1.166560 
1.229700 
2.705240 
0.718750 
0.007410 
0.011520 
0.001160 
0.430340 
0.775930 
0.002470 
1.389450 
0.389690 
0.089510 
