0.869860 
6.637260 
0.654300 
0.040780 
0.250530 
2.225840 
1.122820 
1.187820 
1.040300 
0.981620 
2.318050 
1.752570 
0.791840 
0.004730 
0.769560 
4.923680 
1.971740 
0.233310 
0.719530 
1.202120 
0.504850 
0.203980 
0.832260 
0.014040 
0.245630 
0.000570 
0.562140 
0.209330 
2.113800 
0.229830 
4.105470 
0.312820 
0.973290 
0.073500 
0.011770 
0.844510 
0.461300 
2.086700 
1.296150 
2.816200 
0.487480 
1.589220 
0.497240 
2.319580 
0.944180 
0.089910 
0.160040 
2.726470 
2.628070 
1.672170 
1.132210 
0.240990 
1.740750 
0.157830 
1.476250 
0.878510 
0.066650 
2.308140 
3.895210 
1.608320 
3.210220 
1.208770 
1.127550 
3.582240 
0.929980 
1.173600 
1.818920 
0.006040 
0.076540 
0.877000 
1.129420 
0.319400 
0.073490 
0.863820 
0.000000 
0.000000 
0.015370 
2.273300 
0.027510 
0.021710 
0.099980 
1.203630 
2.771670 
0.239530 
1.237340 
0.483230 
0.605770 
1.113960 
2.478880 
3.005000 
0.000000 
0.318190 
1.192330 
1.585600 
4.664880 
0.069840 
1.679380 
2.531800 
0.006730 
2.285730 
